# Constellation stick figures — derived from d3-celestial (https://github.com/ofrohn/d3-celestial)
# Copyright (c) Olaf Frohn, BSD-3-Clause license. Coordinates J2000, degrees.
# C abbr|name|label_ra|label_dec
# P ra,dec,mag ra,dec,mag ...   (polyline connecting principal stars; mag = visual magnitude)
C And|Andromeda|0.75|43
P 30.9748,42.3297,2.1 17.433,35.6206,2.07 9.832,30.861,3.27 2.0969,29.0904,2.07
P 14.3017,23.4176,4.4 11.8347,24.2672,4.08 9.6389,29.3118,4.34 9.832,30.861,3.27 9.2202,33.7193,4.34 354.5342,43.2681,4.29 345.4803,42.326,3.62
P 354.5342,43.2681,4.29 355.1021,44.3339,4.15 354.391,46.4582,3.81
P 17.433,35.6206,2.07 14.1884,38.4993,3.86 12.4535,41.0789,4.53 17.3755,47.2418,4.26 24.4982,48.6282,3.59
P 355.1021,44.3339,4.15 356.5085,46.4203,4.97
C Ant|Antlia|156.0|-36
P 142.3113,-35.9513,4.51 156.7879,-31.0678,4.28 164.1794,-37.1378,4.6
C Aps|Apus|240.0|-74
P 221.9655,-79.0448,3.83 245.0867,-78.6957,4.68 250.7694,-77.5174,4.23 248.3628,-78.8971,3.86
C Aql|Aquila|291.0|8
P 296.5649,10.6133,2.72 297.6958,8.8683,0.76 298.8283,6.4068,3.71 302.8262,-0.8215,3.24 298.1182,1.0057,3.87 291.3746,3.1148,3.36 286.3525,13.8635,2.99 297.6958,8.8683,0.76 291.3746,3.1148,3.36 286.5622,-4.8826,3.43
C Aqr|Aquarius|337.5|-5
P 311.919,-9.4958,3.78 313.1635,-8.9833,4.73 322.8897,-5.5712,2.9 331.446,-0.3199,2.95 335.4141,-1.3873,3.86 337.208,-0.02,3.65 338.8391,-0.1175,4.04 343.1536,-7.5796,3.73 349.4759,-9.1825,4.41 347.3617,-21.1724,3.68
P 322.8897,-5.5712,2.9 331.6093,-13.8697,4.29
P 331.446,-0.3199,2.95 334.2085,-7.7833,4.17
P 337.208,-0.02,3.65 336.3193,1.3774,4.8
P 350.7426,-20.1006,3.96 349.4759,-9.1825,4.41 355.4409,-17.8165,4.82
C Ara|Ara|258.0|-56
P 261.3486,-56.3777,3.31 262.7746,-60.6838,3.6 252.4465,-59.0414,3.77 254.655,-55.9901,3.12 254.896,-53.1604,4.06 262.9604,-49.8761,2.84 261.325,-55.5299,2.84
C Ari|Aries|42.0|22
P 42.496,27.2605,3.61 31.7934,23.4624,2.01 28.66,20.808,2.64 28.3826,19.2939,3.88
C Aur|Auriga|82.5|37
P 89.8822,44.9474,1.9 79.1723,45.998,0.08 76.6287,41.2345,3.18 74.2484,33.1661,2.69 81.573,28.6075,1.65 89.9303,37.2126,2.65 89.8822,44.9474,1.9 89.8818,54.2847,3.72 79.1723,45.998,0.08 75.4922,43.8233,3.03 75.6195,41.0758,3.69
C Boo|Boötes|223.5|35
P 206.8156,17.4569,4.5 208.6712,18.3977,2.68 213.9153,19.1824,-0.05 217.9575,30.3714,3.57 218.0195,38.3083,3.04 225.4865,40.3906,3.49 228.8757,33.3148,3.46 221.2467,27.0742,2.35 213.9153,19.1824,-0.05 220.2873,13.7283,3.78
P 218.0195,38.3083,3.04 214.0959,46.0883,4.18 213.3659,51.7879,4.53 216.2992,51.8507,4.04 214.0959,46.0883,4.18
C CMa|Canis Major|97.5|-26
P 95.6749,-17.9559,1.98 101.2872,-16.7161,-1.44 105.7561,-23.8333,3.02 107.0979,-26.3932,1.83 105.4298,-27.9348,3.49 104.6565,-28.9721,1.5 95.0783,-30.0634,3.02
P 111.0238,-29.3031,2.45 107.0979,-26.3932,1.83
P 101.2872,-16.7161,-1.44 104.0343,-17.0542,4.36 105.9396,-15.6333,4.11 103.5475,-12.0386,4.08 104.0343,-17.0542,4.36
C CMi|Canis Minor|109.5|5
P 114.8255,5.225,0.4 111.7877,8.2893,2.89
C CVn|Canes Venatici|192.0|43
P 194.0019,38.3149,5.61 188.4356,41.3575,4.24
C Cae|Caelum|73.5|-42
P 67.7087,-44.9537,5.07 70.1405,-41.8638,4.44 70.5145,-37.1443,5.04 76.1017,-35.483,4.55
C Cam|Camelopardalis|84.0|72
P 74.3217,53.7521,4.43 75.8545,60.4422,4.03 73.5125,66.3427,4.26 57.5896,71.3323,4.59 57.3803,65.526,4.39 52.2672,59.9403,4.21
P 73.5125,66.3427,4.26 94.7116,69.3198,4.76 105.0168,76.9774,4.55
C Cap|Capricornus|315.0|-22
P 304.412,-12.5082,4.3 305.2528,-14.7814,3.05 307.2151,-17.8137,4.77 311.5239,-25.2709,4.13 312.9554,-26.9191,4.12 321.6668,-22.4113,3.77 326.7602,-16.1273,2.85 325.0227,-16.6623,3.69 320.5617,-16.8345,4.28 316.4868,-17.2329,4.08 304.412,-12.5082,4.3
C Car|Carina|144.0|-66
P 99.4403,-43.1959,3.17 95.988,-52.6957,-0.62 138.2999,-69.7172,1.67 153.4342,-70.0379,3.29 160.7392,-64.3945,2.74 158.0061,-61.6853,3.3 154.2707,-61.3323,3.39 139.2725,-59.2752,2.21 125.6285,-59.5095,1.86 119.1946,-52.9824,3.46 122.3831,-47.3366,1.75 131.1759,-54.7088,1.93 139.2725,-59.2752,2.21
P 160.7392,-64.3945,2.74 166.6351,-62.4241,4.62 167.1417,-61.9472,5.11 168.1501,-60.3176,4.59 167.1475,-58.975,3.93 163.3736,-58.8532,3.78 158.0061,-61.6853,3.3
C Cas|Cassiopeia|354.0|55.5
P 28.5989,63.6701,3.35 21.454,60.2353,2.66 14.1772,60.7167,2.15 10.1268,56.5373,2.24 2.2945,59.1498,2.28
C Cen|Centaurus|199.5|-40
P 170.2517,-54.491,3.9 182.0896,-50.7224,2.58 187.0099,-50.2306,3.91 190.3793,-48.9599,2.2 204.9719,-53.4664,2.29 208.8849,-47.2884,2.55 207.4041,-42.4737,3.47 207.3762,-41.6877,3.41 211.6706,-36.37,2.06 218.8768,-42.1578,2.33 224.7904,-42.1042,3.13
P 207.3762,-41.6877,3.41 200.1492,-36.7123,2.75
P 219.8962,-60.8372,1.35 204.9719,-53.4664,2.29 210.9559,-60.373,0.61
P 187.0099,-50.2306,3.91 182.913,-52.3685,3.97 172.942,-59.4421,5.07
C Cep|Cepheus|337.5|71
P 307.3954,62.9941,4.21 311.3224,61.8388,3.41 319.6449,62.5856,2.45 325.8769,58.78,4.23 333.7591,57.0436,4.18 332.7137,58.2013,3.39 337.2928,58.4152,4.07 342.4201,66.2004,3.5 354.8369,77.6323,3.21 322.165,70.5607,3.23 319.6449,62.5856,2.45
P 322.165,70.5607,3.23 342.4201,66.2004,3.5
C Cet|Cetus|28.5|-5
P 40.8252,3.2358,3.47 38.9686,5.5932,4.87 37.0398,8.4601,4.3 41.2356,10.1141,4.27 44.9288,8.9074,4.71 45.5699,4.0897,2.54 40.8252,3.2358,3.47 39.8707,0.3285,4.08 34.8366,-2.9776,4.5 27.8651,-10.335,3.74 26.017,-15.9375,3.49 10.8974,-17.9866,2.04 4.857,-8.8239,3.56 17.1475,-10.1823,3.46 21.0059,-8.1833,3.6 27.8651,-10.335,3.74
C Cha|Chamaeleon|189.0|-81
P 124.6315,-76.9197,4.05 158.8671,-78.6078,4.11 161.318,-80.4696,5.46 184.5868,-79.3122,4.24 179.9066,-78.2218,4.88 158.8671,-78.6078,4.11
C Cir|Circinus|217.5|-67
P 229.3785,-58.8012,4.07 220.6267,-64.9751,3.18 230.8444,-59.3208,4.48
C Cnc|Cancer|128.25|27
P 134.6218,11.8577,4.26 131.1712,18.1543,3.94 130.8214,21.4685,4.66 131.6666,28.7651,4.03
P 131.1712,18.1543,3.94 124.1288,9.1855,3.53
C Col|Columba|85.5|-39
P 95.5285,-33.4364,3.85 87.74,-35.7683,3.12 84.9122,-34.0741,2.65 82.8031,-35.4705,3.86
P 87.74,-35.7683,3.12 89.7867,-42.8151,3.96
C Com|Coma Berenices|193.5|24
P 197.497,17.5294,4.32 197.9683,27.8782,4.23 186.7345,28.2684,4.35
C CrA|Corona Austrina|282.0|-40
P 284.6807,-37.1074,4.83 286.6046,-37.0634,4.23 287.3681,-37.9045,4.11 287.5073,-39.3408,4.1 287.0874,-40.4967,4.57 285.7787,-42.0951,4.74 282.3958,-43.4341,5.6 278.3758,-42.3125,4.62
C CrB|Corona Borealis|238.5|32
P 233.2324,31.3591,4.14 231.9572,29.1057,3.66 233.672,26.7147,2.22 235.6857,26.2956,3.81 237.3985,26.0684,4.59 239.3969,26.8779,4.14 240.3607,29.8511,4.98
C Crt|Crater|174.75|-15
P 174.1705,-9.8022,4.7 171.1525,-10.8593,4.81 169.8352,-14.7785,3.56 164.9436,-18.2988,4.08 167.9145,-22.8258,4.46 170.8412,-18.78,5.08 171.2205,-17.684,4.06 176.1907,-18.3507,4.71 179.004,-17.1508,5.17
P 169.8352,-14.7785,3.56 171.2205,-17.684,4.06
C Cru|Crux|193.5|-62
P 191.9303,-59.6888,1.25 183.7863,-58.7489,2.79
P 186.6496,-63.0991,0.77 187.7915,-57.1132,1.59
C Crv|Corvus|186.0|-19.5
P 182.1034,-24.7289,4.02 182.5312,-22.6198,3.02 183.9515,-17.5419,2.58 187.4661,-16.5154,2.94 188.5968,-23.3968,2.65 182.5312,-22.6198,3.02
C Cyg|Cygnus|307.5|50
P 318.2341,30.2269,3.21 311.5528,33.9703,2.48 305.5571,40.2567,2.23 296.2437,45.1308,2.86 292.4265,51.7298,3.76 289.2757,53.3685,3.8
P 310.358,45.2803,1.25 305.5571,40.2567,2.23 299.0765,35.0834,3.89 292.6803,27.9597,3.05
C Del|Delphinus|309.0|6
P 308.3032,11.3033,4.03 309.3873,14.5951,3.64 309.9095,15.9121,3.77 311.6619,16.1241,5.15 310.8647,15.0746,4.43 309.3873,14.5951,3.64
C Dor|Dorado|76.5|-64
P 64.0066,-51.4866,4.26 68.4991,-55.045,3.3 83.4063,-62.4898,3.76 86.1932,-65.7355,4.34 88.5252,-63.0896,4.65 83.4063,-62.4898,3.76 76.3777,-57.4727,4.71 68.4991,-55.045,3.3
C Dra|Draco|268.5|64
P 268.3822,56.8726,3.73 269.1515,51.4889,2.24 262.6082,52.3014,2.79 263.0668,55.173,4.86 268.3822,56.8726,3.73 288.1388,67.6615,3.07 275.1893,71.3378,4.22 257.1966,65.7147,3.17 245.9979,61.5142,2.73 240.4723,58.5653,4.01 231.2324,58.9661,3.29 211.0973,64.3759,3.67 188.3706,69.7882,3.85 172.8509,69.3311,3.82
P 275.1893,71.3378,4.22 275.2641,72.7328,3.55
P 288.1388,67.6615,3.07 297.0431,70.2679,3.84
C Equ|Equuleus|320.25|11.5
P 318.956,5.2478,3.92 318.6201,10.007,4.47 317.5854,10.1316,4.7
C Eri|Eridanus|52.5|-18
P 76.9624,-5.0864,2.78 71.3756,-3.2547,4.01 69.0798,-3.3525,3.93 62.9664,-6.8376,4.04 59.5074,-13.5085,2.97 56.5356,-12.1016,4.43 55.8121,-9.7634,3.52 53.2327,-9.4583,3.72 44.1069,-8.8981,3.89 41.0306,-13.8587,4.24 41.2758,-18.5726,4.47 45.5979,-23.6245,4.08 49.8792,-21.7579,3.7 53.447,-21.6329,4.26 56.712,-23.2497,4.22 68.8877,-30.5623,3.81 66.0092,-34.0168,3.97 64.4736,-33.7983,3.55 57.3635,-36.2003,4.17 54.2737,-40.2745,4.57 49.9819,-43.0698,4.26 44.5653,-40.3047,2.88 40.1668,-39.8554,4.11 36.7463,-47.7038,4.24 34.1274,-51.5122,3.56 28.9895,-51.6089,3.69 24.4285,-57.2368,0.45
C For|Fornax|40.5|-28
P 48.0189,-28.9876,3.8 42.2726,-32.4059,4.45 31.1227,-29.2968,4.68
C Gem|Gemini|107.25|23.5
P 93.7194,22.5068,3.31 95.7401,22.5136,2.87 100.983,25.1311,3.06 107.7849,30.2452,4.41 113.6494,31.8883,1.58 116.329,28.0262,1.16 113.9806,26.8957,4.06 110.0307,21.9823,3.5 106.0272,20.5703,4.01 99.4279,16.3993,1.93 101.3224,12.8956,3.35
P 110.0307,21.9823,3.5 109.5232,16.5404,3.58
C Gru|Grus|342.0|-41.5
P 345.22,-52.7541,4.11 342.1387,-51.3169,3.49 340.6669,-46.8846,2.07 337.4393,-43.7492,4.12 332.0583,-46.961,1.73 340.6669,-46.8846,2.07
P 337.3174,-43.4956,3.97 333.9038,-41.3467,4.79 331.5287,-39.5434,4.47 328.4822,-37.3649,3
C Her|Hercules|253.5|35
P 245.4801,19.1531,3.74 247.555,21.4896,2.78 250.3215,31.6027,2.81 250.724,38.9223,3.48 248.5258,42.437,4.2 244.9352,46.3134,3.91 242.1924,44.9349,4.23 238.1689,42.4515,4.6
P 250.3215,31.6027,2.81 255.0724,30.9264,3.92
P 250.724,38.9223,3.48 258.7618,36.8092,3.16
P 269.0633,37.2505,3.86 260.9206,37.1459,4.15 258.7618,36.8092,3.16 255.0724,30.9264,3.92 258.758,24.8392,3.12 266.6147,27.7207,3.42 269.4412,29.2479,3.7 271.8856,28.7625,3.84
P 258.6619,14.3903,2.78 247.555,21.4896,2.78
C Hor|Horologium|51.0|-52
P 63.5005,-42.2944,3.85 40.6394,-50.8003,5.4 39.3515,-52.5431,5.3 40.1651,-54.5499,5.21 45.9034,-59.7378,5.12 44.6992,-64.0713,4.98
C Hya|Hydra|150.0|-22
P 131.6938,6.4188,3.38 132.1082,5.8378,4.35 130.8061,3.3987,4.3 129.6893,3.3414,4.45 129.414,5.7038,4.14 131.6938,6.4188,3.38 133.8484,5.9456,3.11 138.5911,2.3143,3.89 144.964,-1.1428,3.9 141.8968,-8.6586,1.99 147.8696,-14.8466,4.11 152.647,-12.3541,3.61 156.5226,-16.8363,3.83 162.4062,-16.1936,3.11 173.2505,-31.8576,3.54 178.2272,-33.9081,4.29 199.7304,-23.1715,2.99 211.5929,-26.6824,3.25 222.5721,-27.9604,4.42
C Hyi|Hydrus|34.5|-72
P 6.4378,-77.2542,2.82 56.8098,-74.239,3.26 39.8973,-68.2669,4.12 35.4373,-68.6594,4.08 28.7339,-67.6473,4.68 29.6925,-61.5699,2.86
C Ind|Indus|318.0|-55.5
P 309.3918,-47.2915,3.11 311.0097,-51.921,4.51 313.7025,-58.4542,3.67 329.4795,-54.9926,4.4 319.9666,-53.4494,4.39 309.3918,-47.2915,3.11
C LMi|Leo Minor|157.5|30
P 151.8573,35.2447,4.49 156.4784,33.7961,4.72 163.3279,34.2149,3.79 156.9708,36.7072,4.2 151.8573,35.2447,4.49 143.5558,36.3976,4.54
C Lac|Lacerta|342.0|47
P 335.8901,52.229,4.42 337.8229,50.2825,3.76 337.3826,47.7069,4.34 335.2564,46.5366,4.55 337.6219,43.1234,4.52 340.1286,44.2763,4.5 337.3826,47.7069,4.34 336.1291,49.4764,4.55 335.8901,52.229,4.42
P 337.6219,43.1234,4.52 333.4697,39.7149,4.5 333.9924,37.7487,4.14
C Leo|Leo|159.0|15
P 152.093,11.9672,1.36 151.8331,16.7627,3.48 154.9931,19.8415,2.01 168.5271,20.5237,2.56 177.2649,14.5721,2.14 168.56,15.4296,3.33 152.093,11.9672,1.36
P 154.9931,19.8415,2.01 154.1726,23.4173,3.43 148.1909,26.007,3.88 146.4628,23.7743,2.97
C Lep|Lepus|88.5|-25
P 91.5388,-14.9353,4.67 89.1012,-14.1677,3.71 86.7389,-14.822,3.55 83.1826,-17.8223,2.58 78.2329,-16.2055,3.29 76.3653,-22.371,3.19 82.0613,-20.7594,2.81 86.1158,-22.4484,3.59 87.8304,-20.8791,3.76
P 78.3078,-12.9413,4.36 78.2329,-16.2055,3.29 79.8939,-13.1768,4.29
C Lib|Libra|231.0|-26
P 226.0176,-25.282,3.25 222.7196,-16.0418,2.75 229.2517,-9.3829,2.61 233.8816,-14.7895,3.91 234.256,-28.1351,3.6 234.664,-29.7778,3.66
P 222.7196,-16.0418,2.75 233.8816,-14.7895,3.91
C Lup|Lupus|228.75|-35
P 237.7397,-33.6272,3.97 234.9416,-34.4119,4.66 230.4515,-36.2614,3.57 230.343,-40.6475,3.22 224.633,-43.134,2.68 220.4823,-47.3882,2.3 228.0712,-52.0992,3.41 229.6334,-47.8753,4.27 230.6703,-44.6896,3.37 233.7852,-41.1668,2.8 240.0305,-38.3967,3.42 241.6481,-36.8023,4.22
P 230.343,-40.6475,3.22 233.7852,-41.1668,2.8
C Lyn|Lynx|121.5|49
P 94.9058,59.011,4.44 104.3192,58.4228,4.35 111.6785,49.2115,4.61 125.7088,43.1881,4.25 135.1599,41.7829,3.96 139.711,36.8026,3.82 140.2638,34.3926,3.14
C Lyr|Lyra|279.0|30
P 281.1932,37.6051,4.34 281.0949,39.6127,4.59 279.2347,38.7837,0.03 281.1932,37.6051,4.34 283.6262,36.8986,4.22 284.7359,32.6896,3.25 282.52,33.3627,3.52 281.1932,37.6051,4.34
C Men|Mensa|82.5|-80
P 92.5603,-74.753,5.08 82.9709,-76.341,5.18 73.7967,-74.9369,5.47 75.6792,-71.3143,5.3
C Mic|Microscopium|316.5|-37
P 312.492,-33.7797,4.89 312.1214,-43.9885,5.11 320.1902,-40.8095,4.8 319.4845,-32.1725,4.71 315.3228,-32.2578,4.67 312.492,-33.7797,4.89
C Mon|Monoceros|114.75|-6
P 115.3118,-9.5511,3.94 122.1485,-2.9838,4.36 107.9661,-0.4928,4.15 97.2045,-7.0331,3.76 93.7139,-6.2748,3.99
P 107.9661,-0.4928,4.15 101.9652,2.4122,4.48 95.942,4.5929,4.39 98.2259,7.333,4.47 100.2444,9.8958,4.66
C Mus|Musca|195.0|-73
P 176.4017,-66.7288,3.63 184.3928,-67.9607,4.06 189.2959,-69.1356,2.69 191.57,-68.1081,3.04 195.5678,-71.5489,3.61 188.1167,-72.133,3.84 189.2959,-69.1356,2.69
C Nor|Norma|243.0|-52
P 241.6227,-45.1732,4.73 246.796,-47.5548,4.46 244.9601,-50.1555,4.01 240.8037,-49.2297,4.65 241.6227,-45.1732,4.73
C Oct|Octans|300.0|-80
P 216.7301,-83.6679,4.31 341.5146,-81.3816,4.13 325.3694,-77.39,3.73 216.7301,-83.6679,4.31
C Oph|Ophiuchus|258.0|3
P 269.7566,-9.7736,3.32 266.9732,2.7073,3.75 265.8681,4.5673,2.76 263.7336,12.56,2.08 254.4171,9.375,3.19 247.7284,1.9839,3.82 243.5864,-3.6943,2.73 244.5804,-4.6925,3.23 249.2897,-10.5671,2.54 257.5945,-15.7249,2.43
P 254.4171,9.375,3.19 249.2897,-10.5671,2.54 247.7849,-16.6127,4.29 246.756,-18.4563,4.22 246.0258,-20.0373,4.48 246.3963,-23.4472,4.57
P 265.8681,4.5673,2.76 257.5945,-15.7249,2.43 260.5024,-24.9995,3.27 261.8386,-29.867,4.28
C Ori|Orion|84.0|13
P 91.893,14.7685,4.42 88.5958,20.2762,4.39 90.9799,20.1385,4.64 92.985,14.2088,4.45 90.5958,9.6473,4.12 88.7929,7.4071,0.45 81.2828,6.3497,1.64 73.7239,10.1508,4.64
P 74.6371,1.714,4.47 73.5629,2.4407,3.71 72.8015,5.6051,3.68 72.46,6.9613,3.19 72.653,8.9002,4.35 73.7239,10.1508,4.64 74.0928,13.5145,4.06 76.1423,15.4041,4.65 77.4248,15.5972,4.81
P 78.6345,-8.2016,0.18 81.1192,-2.3971,3.35 83.0017,-0.2991,2.25 81.2828,6.3497,1.64 83.7845,9.9342,3.39 88.7929,7.4071,0.45 85.1897,-1.9426,1.74 86.9391,-9.6696,2.07
P 85.1897,-1.9426,1.74 84.0534,-1.2019,1.69 83.0017,-0.2991,2.25
C Pav|Pavo|297.0|-62
P 306.4119,-56.7351,1.94 311.2396,-66.2032,3.42 302.1817,-66.1821,3.55 283.0543,-62.1876,4.22 275.8068,-61.4939,4.35 272.1451,-63.6686,4.33 266.4333,-64.7239,3.61 280.7589,-71.4281,4.01 300.1481,-72.9105,3.97 311.2396,-66.2032,3.42 321.6109,-65.3662,4.21
C Peg|Pegasus|334.5|16
P 332.4969,33.1782,4.28 340.7506,30.2212,2.93 345.9436,28.0828,2.44 2.0969,29.0904,2.07 3.309,15.1836,2.83 346.1902,15.2053,2.49 341.6733,12.1729,4.2 340.3655,10.8314,3.41 332.5499,6.1979,3.52 326.0465,9.875,2.38
P 346.1902,15.2053,2.49 345.9436,28.0828,2.44 342.5008,24.6016,3.51 341.6328,23.5657,3.97 331.7528,25.3451,3.77 326.1614,25.645,4.14
C Per|Perseus|66.0|45
P 56.0797,32.2882,3.84 58.533,31.8836,2.84 59.7413,35.791,3.98 59.4635,40.0102,2.9 56.2985,42.5785,3.77 55.7313,47.7876,3.01 54.1224,48.1926,4.32 51.0807,49.8612,1.79 46.1991,53.5064,2.91 42.6742,55.8955,3.77 43.5644,52.7625,3.93 47.2667,49.6133,4.05 47.374,44.8575,3.79 47.0422,40.9556,2.09 47.8224,39.6116,4.61 46.2941,38.8403,3.32 44.6903,39.6627,4.68 44.9162,41.0329,5.89 47.0422,40.9556,2.09
P 61.646,50.3513,4.25 63.7244,48.4093,4.12 62.1654,47.7125,3.96 55.7313,47.7876,3.01
P 47.2667,49.6133,4.05 41.0499,49.2284,4.1 25.9152,50.6887,4.01
C Phe|Phoenix|16.5|-43
P 6.571,-42.306,2.4 16.521,-46.7184,3.32 22.0914,-43.3182,3.41 22.8129,-49.0727,3.93 17.0962,-55.2458,3.94 16.521,-46.7184,3.32 2.3527,-45.7474,3.88 6.571,-42.306,2.4
C Pic|Pictor|82.5|-50
P 102.0477,-61.9414,3.24 87.4569,-56.1667,4.5 86.8212,-51.0665,3.85
C PsA|Piscis Austrinus|333.0|-29
P 340.1639,-27.0436,4.18 344.4127,-29.6222,1.17 343.9871,-32.5396,4.2 343.1314,-32.8755,4.46 337.8764,-32.3461,4.29 332.0959,-32.9885,4.5 326.2367,-33.0258,4.35 326.934,-30.8983,5.02 332.0959,-32.9885,4.5 340.1639,-27.0436,4.18
C Psc|Pisces|19.5|15
P 18.4373,24.5837,4.67 17.9152,30.0896,4.51 19.8666,27.2641,4.74 18.4373,24.5837,4.67 17.8634,21.0347,4.66 22.8709,15.3458,3.62 26.3485,9.1577,4.26 30.5118,2.7638,3.82 28.389,3.1875,4.61 25.3579,5.4876,4.45 22.5463,6.1438,4.84 18.4329,7.5754,5.21 15.7359,7.8901,4.27 12.1706,7.5851,4.44 359.8279,6.8633,4.03 354.9877,5.6263,4.13 351.9921,6.379,4.27 350.0858,5.3813,5.05 349.2914,3.2823,3.7 351.7331,1.2556,4.95 355.5117,1.78,4.49 356.598,3.4868,4.95 354.9877,5.6263,4.13
P 349.2914,3.2823,3.7 345.9692,3.82,4.48
C Pup|Puppis|111.0|-46
P 99.4403,-43.1959,3.17 109.2857,-37.0975,2.71 113.8454,-28.3693,4.65 114.7078,-26.8038,3.8 117.3236,-24.8598,3.34 119.2147,-22.8801,4.2 121.886,-24.3043,2.83 120.896,-40.0031,2.21 122.3831,-47.3366,1.75
P 117.3236,-24.8598,3.34 117.0215,-25.9372,4.4 115.952,-28.9548,3.94 113.8454,-28.3693,4.65
C Pyx|Pyxis|132.0|-24
P 120.896,-40.0031,2.21 130.0256,-35.3084,3.97 130.8981,-33.1864,3.68 132.633,-27.7098,4.02
C Ret|Reticulum|55.5|-61
P 63.6062,-62.4739,3.33 64.121,-59.3022,4.44 59.6865,-61.4002,4.56 56.0499,-64.8069,3.84 63.6062,-62.4739,3.33
C Scl|Sculptor|1.5|-33
P 14.6515,-29.3574,4.3 357.2314,-28.1303,4.59 349.706,-32.532,4.41 353.2427,-37.8183,4.38
C Sco|Scorpius|249.0|-38
P 239.713,-26.1141,2.89 240.0834,-22.6217,2.29 241.3593,-19.8055,2.56
P 240.0834,-22.6217,2.29 245.2972,-25.5928,2.9 247.3519,-26.432,1.06 248.9706,-28.216,2.82 252.5409,-34.2932,2.29 252.9676,-38.0474,3 253.6459,-42.3613,3.62 258.0383,-43.2392,3.32 264.3297,-42.9978,1.86 266.8962,-40.127,2.99 265.622,-39.03,2.39 263.4022,-37.1038,1.62
C Sct|Scutum|282.0|-12.5
P 278.8018,-8.2441,3.85 281.7936,-4.7479,4.22 280.5684,-9.0525,4.7 277.2994,-14.5658,4.67 278.8018,-8.2441,3.85
C Ser|Serpens Caput|232.5|5
P 236.5469,15.4218,3.65 235.3877,19.6704,4.51 237.1849,18.1416,4.09 239.1133,15.6616,3.85 236.5469,15.4218,3.65 233.7006,10.5389,3.8 236.067,6.4256,2.63 237.704,4.4777,3.71 243.5864,-3.6943,2.73
C Ser|Serpens Cauda|280.5|3
P 257.5945,-15.7249,2.43 264.3967,-15.3986,3.54 269.7566,-9.7736,3.32 270.7705,-8.1803,4.77 275.3275,-2.8988,3.23 284.0549,4.2036,4.62
C Sex|Sextans|157.5|-7
P 151.9845,-0.3716,4.48 148.1268,-8.105,5.07 157.3696,-2.7391,5.19 157.5728,-0.637,5.08
C Sge|Sagitta|291.0|18
P 295.0241,18.0139,4.39 296.8469,18.5343,3.68 299.6893,19.4921,3.51
P 295.2622,17.476,4.39 296.8469,18.5343,3.68
C Sgr|Sagittarius|292.5|-34
P 274.4068,-36.7617,3.1 276.043,-34.3846,1.79 275.2485,-29.8281,2.72 276.9927,-25.4217,2.82 273.4409,-21.0588,3.84
P 290.6596,-44.459,3.96 290.9716,-40.6159,3.96 285.653,-29.8801,2.6 281.4141,-26.9908,3.17 276.9927,-25.4217,2.82
P 298.8154,-41.8683,4.12 299.9341,-35.2763,4.37 298.9598,-26.2995,4.7 294.1768,-24.8836,4.59 291.3187,-24.5086,5.02 288.8851,-25.2567,4.86 283.8164,-26.2967,2.05 281.4141,-26.9908,3.17 275.2485,-29.8281,2.72 271.452,-30.4241,2.98 276.043,-34.3846,1.79 285.653,-29.8801,2.6 286.735,-27.6704,3.32 283.8164,-26.2967,2.05 286.1708,-21.7415,3.76 287.441,-21.0236,2.88 289.4087,-18.9529,4.88 290.4182,-17.8472,3.92 290.4318,-15.955,4.52
P 286.1708,-21.7415,3.76 284.4325,-21.1067,3.52 283.5424,-22.7448,4.86 283.8164,-26.2967,2.05
C Tau|Taurus|54.0|15
P 84.4112,21.1425,2.97 68.9802,16.5093,0.87 67.1656,15.8709,3.4 64.9483,15.6276,3.65 65.7337,17.5425,3.77 67.1542,19.1804,3.53 81.573,28.6075,1.65
P 64.9483,15.6276,3.65 60.1701,12.4903,3.41 51.7923,9.7327,3.73 60.7891,5.9893,3.91
P 51.7923,9.7327,3.73 51.2033,9.0289,3.61 54.2183,0.4017,4.29
C Tel|Telescopium|277.5|-54
P 272.8073,-45.9544,4.52 276.7434,-45.9685,3.49 277.2077,-49.0706,4.1
C TrA|Triangulum Australe|240.0|-67.5
P 252.1662,-69.0277,1.91 238.7857,-63.4307,2.83 229.7274,-68.6795,2.87 252.1662,-69.0277,1.91
C Tri|Triangulum|27.0|34
P 28.2704,29.5788,3.42 32.3859,34.9873,3 34.3286,33.8472,4.03 28.2704,29.5788,3.42
C Tuc|Tucana|348.0|-64
P 334.6254,-60.2596,2.87 349.3574,-58.2357,3.99 7.8861,-62.9582,4.36 5.0178,-64.8748,4.23 359.9791,-65.5771,4.49 336.8332,-64.9664,4.51 334.6254,-60.2596,2.87
C UMa|Ursa Major|165.0|48
P 183.8565,57.0326,3.32 165.932,61.751,1.81 165.4603,56.3824,2.34 178.4577,53.6948,2.41 183.8565,57.0326,3.32 193.5073,55.9598,1.76 200.9814,54.9254,2.23 206.8852,49.3133,1.85
P 178.4577,53.6948,2.41 176.5126,47.7794,3.69 169.6197,33.0943,3.49 169.5468,31.5308,3.79
P 176.5126,47.7794,3.69 167.4159,44.4985,3 155.5823,41.4995,3.06
P 167.4159,44.4985,3 154.2741,42.9144,3.45
P 165.932,61.751,1.81 142.8821,63.0619,3.65 127.5661,60.7182,3.35 147.7473,59.0387,3.78 165.4603,56.3824,2.34
P 165.4603,56.3824,2.34 148.0265,54.0643,4.55 143.2143,51.6773,3.17 134.8019,48.0418,3.12
P 135.9064,47.1565,3.57 143.2143,51.6773,3.17
C UMi|Ursa Minor|226.5|68
P 236.0147,77.7945,4.29 244.3762,75.7553,4.95 230.1821,71.834,3 222.6764,74.1555,2.07 236.0147,77.7945,4.29 251.4927,82.0373,4.21 263.0542,86.5865,4.35 37.9545,89.2641,1.97
C Vel|Vela|143.25|-46
P 131.1759,-54.7088,1.93 140.5284,-55.0107,2.47 149.2156,-54.5678,3.52 161.6924,-49.4203,2.69 153.684,-42.1219,3.85 142.675,-40.4668,3.6 136.999,-43.4326,2.23 122.3831,-47.3366,1.75
C Vir|Virgo|199.5|-4
P 176.4648,6.5294,4.04 177.6738,1.7647,3.59 184.9765,-0.6668,3.89 190.4152,-1.4494,2.74 197.4875,-5.539,4.38 201.2982,-11.1613,0.98 214.0036,-6.0005,4.07 220.7651,-5.6582,3.87
P 195.5442,10.9592,2.85 193.9009,3.3975,3.39 190.4152,-1.4494,2.74
P 197.4875,-5.539,4.38 203.6733,-0.5958,3.38 210.4116,1.5445,4.23 221.5622,1.8929,3.73
C Vol|Volans|111.0|-73
P 135.6116,-66.3961,4 126.4341,-66.1369,3.77 121.9825,-68.6171,4.35 109.2076,-67.9572,3.97 107.1869,-70.4989,3.78 121.9825,-68.6171,4.35 135.6116,-66.3961,4
C Vul|Vulpecula|295.5|21
P 289.0543,21.3904,4.76 292.1764,24.6649,4.44 298.3654,24.0796,4.57 300.2752,27.7536,4.66 303.9422,27.8142,4.5
